0.5 1 3 0 3 5
0.75 950 100 50 255 255 255
0.9 0.8 0.9 0.85 0.3 0.7 0 30 620 470 250 255 0 0
0.55 0.7 0.3 0.9 1 0 0 50 473 250 310 245 150 34
0.55 0.7 0.3 0.9 1 0 0 30 473 170 310 150 150 150
0.6 0.2 0.3 0.9 1 0 0 2000 499 370 1000 2 2 2 0 0 -1 1000
0.7 0.2 0.3 0.8 1 0 0 2000 499 370 -2000 70 70 70 0 0 1 2000
0.7 0.4 0.6 0.3 1 0 0 250 499 500 300 110 110 110 0 -1 0 500
0.7 0.6 0.6 0.7 0.5 0 0.5 100 499 400 300 110 110 110 0.93 0 -0.38 -349
0.7 0.6 0.6 0.7 1 0 0 30 393 110 230 0 0 200 -0.707 0 -0.707 440
0.6 0.7 0.45 0.8 1 0 0 250 0 -1 0 110 110 110 499 900 300 499 500 300
0.7 0.6 0.75 0.3 0.5 0 0.5 100 -0.93 0 0.38 110 110 110 499 400 300 450 400 320
0.65 0.7 0.5 0.8 1 0 0 30 0.707 0 0.707 0 0 200 393 110 230 553 110 390
