0.57 2 4 4 10 11
0.9 400 20 1 255 255 255
0.2 500 1 999 255 255 255
0.8 0.8 0.9 0.9 0 1 0 100 250 640 600 0 255 0 0
0.6 0.45 0.25 1 1 0 0 80 900 659 920 87 35 100 0
0.6 0.45 0.25 1 1 0 0 80 740 659 920 245 150 34 0
0.6 0.45 0.25 1 1 0 0 80 820 529 920 10 10 10 0
0.1 0.3 0.3 0.5 1 0 0 10000 499 370 1000 100 255 100 0 0 -1 1000 0
0.1 0.4 0.3 0.9 1 0 0 10000 499 370 -3000 0 0 0 0 0 1 3000 0
0.1 0.4 0.3 0.9 1 0 0 10000 499 739 600 255 100 100 0 -1 0 739 0
0.1 0.4 0.3 0.9 0 1 0 10000 999 370 600 100 255 100 -1 0 0 999 0
0.1 0.4 0.3 0.9 1 0 0 10000 0 370 600 100 255 100 1 0 0 0 0
0.1 0.4 0.3 0.9 1 0 0 10000 499 0 600 255 100 100 0 1 0 0 0
0.1 0.6 0.3 0.9 1 0 0 6 250 644 150 50 50 50 0 -1 0 644 0
0.7 0.65 0.6 0.7 1 0 0 70 400 669 150 10 10 10 -0.71 0 -0.71 390.5 0
0.7 0.65 0.6 0.7 1 0 0 70 430 669 160 10 10 10 0.71 0 0.71 418.9 0
0.7 0.65 0.6 0.7 1 0 0 70 650 669 400 10 10 10 -0.71 0 -0.71 745.5 0
0.8 0.8 0.9 0.9 1 0 0 7 320 669 70 50 50 50 -0.71 0 -0.71 276.9 0
0.7 0.6 0.6 0.7 1 0 0 70 0.71 0 0.71 10 10 10 400 669 150 430 669 160 0
0.7 0.6 0.6 0.7 1 0 0 70 0.71 0 0.71 10 10 10 650 669 400 680 669 410 0
0.8 0.8 0.9 0.9 1 0 0 7 0.71 0 0.71 50 50 50 320 669 70 760 669 490 0
0.8 0.8 0.9 0.8 0.5 0.2 0.3 15 0 -1 0 0 0 255 250 739 150 250 659 150 0
0.8 0.8 0.9 0.9 1 0 0 6 0 -1 0 50 50 50 250 650 150 250 644 150 0
0.8 0.8 0.9 0.9 1 0 0 8 1 0 0 50 50 50 0 140 150 180 140 150 1
0.8 0.8 0.9 0.9 1 0 0 8 0 -1 0 50 50 50 180 740 150 180 120 150 1
0.8 0.8 0.9 0.9 1 0 0 8 0 0 1 50 50 50 180 140 150 180 140 350 1
0.8 0.8 0.9 0.9 1 0 0 8 0 1 0 50 50 50 180 120 350 180 740 350 1
0.8 0.8 0.9 0.9 1 0 0 8 1 0 0 50 50 50 0 140 350 180 140 350 1
0.8 0.8 0.9 0.9 0.5 0 0.5 10 0 1 0 50 50 50 250 644 150 250 659 150 250 650 150 1 1 0
0.5 0.4 0.4 0.9 1 0 0 10 0 1 0 255 0 0 950 680 300 950 740 300 950 680 300 2 1 0
0.5 0.4 0.4 0.9 1 0 0 10 0 1 0 255 0 0 950 680 360 950 740 360 950 680 360 2 1 0
0.5 0.4 0.4 0.9 1 0 0 10 0 1 0 255 0 0 950 680 410 950 740 410 950 680 410 2 1 0
